image_width: 1280
image_height: 1024
camera_name: narrow_stereo
camera_matrix:
  rows: 3
  cols: 3
  data: [696.952473, 0, 624.661582, 0, 696.912971, 534.545104, 0, 0, 1]
distortion_model: plumb_bob
distortion_coefficients:
  rows: 1
  cols: 5
  data: [-0.287089, 0.060624, -0.002561, 0.000704, 0]
rectification_matrix:
  rows: 3
  cols: 3
  data: [1, 0, 0, 0, 1, 0, 0, 0, 1]
projection_matrix:
  rows: 3
  cols: 4
  data: [483.09256, 0, 630.003732, 0, 0, 558.698303, 540.741597, 0, 0, 0, 1, 0]